9192
8512
8660
8427
8417
8057
8052
8256
8242
8177
8700
8747
8406
8682
8386
8183
8749
8984
8776
8196
8070
8288
8485
8334
8212
8337
8222
8295
8249
8137
8667
8464
8749
8583
8645
8562
8368
8205
8168
8107
8157
8132
8184
8168
8627
8183
8125
8147
8204
8284
8072
8136
8622
8132
8079
8477
8425
8192
8194
8168
8179
8130
8203
8449
8138
8301
8284
8325
8245
8293
8170
8168
8097
8062
8129
8376
8029
8428
8542
8115
8270
8106
8178
8228
8257
8115
8015
8281
8071
8275
8277
8174
8228
8292
8219
8885
8841
8610
8088
8181
8678
8276
8247
8262
8184
8316
8281
8365
8240
8174
8156
8532
8230
8380
8096
8084
8168
8051
8006
8143
8051
8114
8149
9243
9521
8555
8290
8498
8139
8167
8101
8181
8168
8151
8334
8205
8072
8137
8273
7971
8371
8257
8168
8017
8560
9117
8761
8252
8133
8223
8332
8088
8199
8283
8295
8248
10511
8065
8046
8463
8260
8092
8193
8229
8172
8108
8081
8857
8343
8219
8116
8123
8102
8273
8137
8201
8167
8227
8209
8631
8288
8309
8385
8156
8194
8216
8226
8393
8176
8312
8694
8896
8209
8184
8091
8240
8171
8084
8361
8263
8259
8729
9015
8479
8724
8227
8196
8283
8312
8198
8309
8234
8377
8637
8326
8260
8252
8349
8122
8162
8285
8094
8156
8129
8406
8307
8152
8226
8231
8281
8642
8746
8201
8175
8176
10502
8293
8187
8099
8251
8191
8074
8802
8316
8318
8262
9118
8314
8194
8246
8349
8899
8383
8357
8217
8127
8265
8378
8192
8117
8193
8078
8113
8105
8120
8210
8356
8194
8640
8204
8080
8082
8108
8110
8114
8141
8130
8013
8133
8136
9618
8638
8197
8165
8048
8070
8159
8106
8146
8511
8130
8958
8329
8136
8149
8159
8212
8028
8030
8028
8101
8138
8178
8936
8359
8188
8211
8236
8351
8886
8550
8070
8095
8369
8774
8406
8151
8234
8174
8227
8160
8173
8270
8213
8204
8941
8296
8010
8162
8040
8215
8158
8178
8267
8169
8129
8513
8266
8171
8168
8129
8167
8135
8108
8191
8134
8131
8159
8293
8121
8120
8118
8128
8380
8277
8241
8219
8165
8179
8408
8301
8065
8207
8155
8142
8116
8290
8154
8172
8120
8643
8432
8326
8453
8234
8327
8346
8117
8229
8192
8353
8527
9063
8279
8012
8082
8121
8320
8006
8089
8162
8063
8106
8741
8782
8162
8138
8437
8274
8149
8151
8147
8572
8172
8403
8299
8439
8138
8158
8081
8212
8184
8179
8199
8075
8132
8604
9072
8565
8268
8142
8142
8190
8219
8147
8176
8283
8551
8510
8214
8177
9238
8022
8214
8158
8223
8217
8169
8330
8929
8451
8265
8301
8250
8203
8213
8229
8327
8210
8244
8470
8221
8260
8192
8409
8398
8308
8568
8232
8250
8183
8609
8425
8224
8286
8145
8322
8208
8283
8365
8345
8310
8495
8345
8409
8220
8253
8417
8432
8377
8434
8558
8187
8375
8316
8319
8350
8349
8487
8610
8445
8328
8325
8433
9079
8231
8093
8242
8343
8287
8331
8183
8354
8361
8544
8690
8360
8476
8196
8760
8714
8535
8316
8277
8275
8438
8721
8334
8165
8105
8064
8096
8200
8187
9213
8694
8290
8569
8226
8080
10987
8569
8192
8102
8170
8101
8179
8655
8858
8930
8662
8366
8116
8112
8181
8260
8270
8245
8268
9423
8911
8949
8436
8242
8188
8248
8205
8230
8165
8588
8477
8075
8168
8122
8144
8087
8184
8242
8243
8551
8816
8845
8750
8330
8173
8189
8183
8231
8114
8117
8156
8158
9042
8483
8195
8242
8533
8381
8285
8319
8216
8217
8354
9813
8263
8055
8163
8206
8169
8060
8466
8432
8330
8177
8375
8079
8170
8233
8292
8347
8085
8236
8179
8191
8284
8460
8270
8215
8307
8392
8376
8328
8364
8433
8455
8378
8774
8602
8402
8835
8675
8255
8274
8703
8313
8443
8619
8880
8784
8280
8224
8166
8092
8244
9234
8376
8186
8408
8773
8383
8353
8321
8329
8398
8369
8241
8349
8405
8489
8780
8661
8629
8348
8667
8462
8166
8255
8298
8218
8262
8545
8458
8407
8578
8613
8491
8514
8348
8416
8212
8324
8850
8386
8253
8366
8211
8237
8191
8454
8441
8399
8395
8503
8572
8692
8509
8660
8230
8262
8322
8307
8303
8411
8542
8384
8569
8438
8539
8517
8652
8505
8564
8398
8507
8565
8517
8650
8723
8567
8670
8402
8565
8565
8582
8429
8740
8671
8604
8505
8528
8436
8513
8474
8159
8172
8554
8826
8535
8445
8356
8323
8448
8350
8598
8147
8148
8314
8467
8342
8266
8170
8424
8148
8163
8098
8069
8152
8171
8946
8277
8177
8095
8163
8087
8122
8182
8108
8111
8260
8858
8263
8231
8362
8205
8253
8158
8172
8137
8094
8149
8409
8700
8318
8230
8098
8188
8242
8230
8090
8185
8150
8103
8347
8323
8205
8158
8105
8251
8260
8282
8266
8138
8246
8658
8277
8159
8207
8103
8224
8187
8222
8254
8148
8274
8653
8315
8170
8197
8181
8110
8030
8260
8100
8295
8168
8462
8182
8122
8250
8215
8123
8104
8093
8056
8120
8263
8743
8445
8320
8139
8124
8071
8517
8675
8347
8260
8241
9142
8367
8213
8255
8071
8053
8119
8203
8138
8134
8067
8194
8509
8180
8191
8213
8138
8103
8232
8189
8246
8089
8209
8712
8326
8153
8174
8464
8224
8198
8113
8242
8234
8328
8463
8970
8137
8737
8166
8112
8125
8280
8156
8302
8265
8180
8828
8560
8211
8170
8131
8218
8170
8256
8267
8176
8190
8378
8987
8234
8449
8225
8377
8152
8252
8165
8252
8230
8075
8990
8274
8123
8088
8157
8120
8124
8165
8133
8176
8138
8278
8830
8260
8298
8295
8028
8155
8150
8078
8091
8008
8320
8793
8297
8183
8077
8078
8213
8266
8218
8259
8325
8150
8914
8878
8436
8266
8223
8192
8265
8258
8249
10658
11306
9421
8894
8961
8688
8501
8686
8586
8491
8683
8425
8448
9090
8394
8634
8285
8302
8538
8580
8210
8397
8385
8414
8669
9563
8479
8555
8954
8521
8354
8283
8432
8873
8365
8695
8579
8416
8552
9194
9132
12405
8563
12302
8935
9111
9354
8706
8503
8579
8451
8663
8471
8552
8457
8588
8813
8666
8302
8558
8401
8931
8606
8446
8573
8758
8558
9300
8513
8734
8473
8849
8581
8651
8653
8564
8446
8600
9116
8338
8454
8221
8609
8252
8590
8243
8417
8539
8647
8952
8489
8545
8809
8948
8516
8450
8248
8656
8447
8722
8923
8610
8701
8697
8440
8446
8481
8212
8136
8225
8214
9018
8314
8286
8303
9090
8501
8438
8215
8292
8403
8385
8977
8467
8421
8474
8546
8577
8441
8425
8556
8701
8667
9013
8573
8208
8284
8367
8476
8184
8260
8430
8342
8369
8941
8373
8399
8171
8286
8152
8415
8324
8387
8299
8330
8914
8582
8508
8389
8419
8452
8348
8355
8428
8419
8518
8648
8712
8273
8606
8362
8402
8619
8293
8464
8438
8379
8263
9688
8415
8599
8503
8426
8483
8471
8518
8433
8261
8480
8810
8253
8327
8375
8344
8596
8335
8433
9597
8688
8499
8854
8358
8851
8491
8299
8516
8432
8457
8448
8507
8688
8488
8551
8451
8518
8404
8304
8272
8176
8617
8648
8719
8638
8181
8240
8271
8171
8571
8648
8551
8452
8496
8524
8630
8401
8471
8544
8373
8400
8311
8325
8478
8462
8533
8663
8169
8678
8594
8672
8520
8461
8671
8565
11587
11028
8861
8718
8519
8633
8784
8629
8427
8412
8408
8465
8979
8566
8483
8528
8549
8537
8593
8447
8298
8367
8302
8554
8580
8671
8573
8405
8603
8497
8787
9064
8604
8300
8909
8512
8412
8466
8275
8388
8303
8255
8300
8194
8259
8723
8575
8929
8668
8482
8444
8337
10651
8578
8766
8605
9013
8421
8394
8310
8295
9039
8560
9075
8425
8442
8711
8616
8332
8154
8256
8381
8215
8410
8219
8506
8358
8390
8900
8229
8296
8330
8487
8531
8442
8402
8431
8357
8477
9307
8344
8250
8434
8552
8507
8497
8659
8820
8478
8662
8841
8573
8416
8382
8352
8564
8521
9115
8401
8647
9195
8674
8552
8283
8593
8459
8459
8459
8290
8296
8381
8777
8452
8366
8347
8424
8640
8443
9490
8884
9036
8914
9486
8993
8821
8757
8640
9005
8988
8967
9168
8837
9018
8891
8603
8701
8786
8708
9011
9158
8784
9020
8761
9103
8730
8970
8852
9172
9282
8885
8950
9613
8800
8745
8804
8921
8904
8807
9076
9114
9481
8994
9456
10292
9170
9406
9197
8735
8729
8857
8779
9049
9118
10268
8902
9125
8695
8758
8918
8885
8791
8782
8568
9206
8995
8815
9215
8994
9213
8856
8806
8890
9000
8964
9439
8743
8870
8856
8694
8731
8813
8853
8601
8621
9061
9018
9329
8706
8694
8513
8703
8590
8790
9150
8909
9137
8770
8669
8970
9242
8648
8725
8829
8726
9184
8676
8538
8649
8744
8731
8847
9064
8904
8743
8935
8949
8591
8497
9003
8885
8625
9128
9209
8455
8652
8447
8375
8504
8441
8300
8387
8448
8773
8410
8672
8929
8296
8092
8297
8312
8305
8474
8434
8439
8601
8602
8798
8585
8545
8439
8390
8685
8620
8513
8399
8370
8694
8689
8380
8286
8306
8496
8483
8486
8602
8674
8566
8572
8575
8345
8292
8350
8285
8171
8426
8225
8103
8411
9290
8975
8509
8557
8594
8644
8396
8357
8495
8466
8473
9018
8743
8648
8271
8470
8545
8375
8442
8411
8360
8652
9364
8516
8357
8480
8503
8863
8342
8442
8410
8415
8446
8590
8588
8352
8241
8295
8217
8306
8335
8773
8945
8542
8488
8581
8175
8373
8425
8322
8525
8415
8474
8453
8360
8581
8557
8438
8425
8583
8503
8483
8535
8431
8222
8697
8941
9095
8559
8357
8414
8502
8356
8325
8635
8323
8408
8370
8692
8525
8415
8396
8513
8549
8505
8401
8410
8540
8859
8684
8484
8403
8366
8415
8513
8267
8489
8398
8336
8685
8693
8376
8425
8394
8544
8492
8622
8416
8455
8408
8454
8689
8411
8408
8397
8475
8527
8592
8308
8501
8247
8474
8573
8797
8729
8642
8653
8684
8582
8511
8585
8558
9053
8730
8736
8401
8455
8620
8592
8423
8625
8548
8775
8922
8657
8598
8995
8581
8442
8620
8924
8557
9339
8527
9263
8744
8717
8636
8538
8637
8677
8314
8405
8464
8684
10341
8468
8400
8189
8314
8380
8355
8481
8921
8450
8419
8972
8451
8514
8560
8529
8329
8399
8309
8202
8632
8404
8775
8417
8418
8649
8602
8657
8493
8459
8428
8410
8415
8840
8513
8387
8485
8535
8557
8519
8337
8465
8531
8979
8912
8800
8724
8687
8772
8793
8668
8764
8785
8753
8719
9107
8757
8642
8738
8637
8738
8813
8552
8398
9663
9977
8984
8761
8718
8574
8748
9525
8615
8708
8881
8786
8949
8447
8416
8501
8722
8271
8509
8938
8659
8430
8292
8623
8332
8437
8259
9412
9043
8645
8437
8063
8101
8201
8680
8301
8391
8220
8184
8151
8225
8191
8214
8240
8192
8308
9268
8177
8142
8167
8259
8254
8164
8218
8325
8243
8106
8767
8438
8153
8126
8145
8262
8310
8292
8250
8206
8250
8226
8585
8207
8215
8309
8320
8344
8284
8243
8400
8192
8228
8721
8319
8295
8377
8227
8100
8158
8129
8144
8137
8410
8312
8352
8572
8249
8164
8233
8123
8156
8119
8193
8343
8378
8741
8419
8148
8460
8127
8129
8037
8124
8043
8124
8149
8319
8112
8242
8205
8200
8285
8215
8182
8273
8247
8182
8947
8676
8311
8420
8177
8577
8470
8455
8452
8510
8596
8802
8647
8712
8627
8598
8225
8294
8291
8382
8262
8258
8362
8339
8278
8179
8090
8353
8162
8218
8414
8374
8134
8089
8572
8328
8087
8247
8170
8187
8398
8237
8231
8185
8388
8622
8256
8177
8183
8354
8271
8252
8352
8431
8259
8335
8804
8234
8382
8282
8408
8367
8427
8328
8432
8590
8289
8883
8530
8200
8254
8122
8296
8155
8167
8159
8115
8141
8602
8172
8223
8063
8148
8009
8058
8085
8111
8344
8309
8212
8796
8267
8097
8184
8307
8284
8323
8290
8258
8241
8181
8657
8366
8533
8268
8154
8110
8654
8619
8535
8187
8284
8301
8718
8295
8266
8641
8621
8398
8311
8315
8332
8230
8378
8965
8238
